GO:0048870	GO:0007267;GO:0007154;GO:0023052	GO:0009056	GO:0016192	GO:0051301	GO:0006913;GO:0051169	GO:0071554	GO:0006914;GO:0061919	GO:0048646	GO:0009790;GO:0007275	GO:0006605;GO:0006886;GO:0015031;GO:0045184;GO:0071702;GO:0071705;GO:0008104;GO:0070727;GO:0033036	GO:0046907;GO:0051641;GO:0051649	GO:0006139;GO:0006725;GO:0046483;GO:1901360	GO:0090304	GO:0000278	GO:0007034	GO:0016070	GO:0051186	GO:0006520;GO:0019752;GO:0043436;GO:0006082	GO:0040011	GO:0008283	GO:0022607	GO:0022618;GO:0071826	GO:0008219	GO:0042592;GO:0065008	GO:0006397;GO:0006396;GO:0016071	GO:0005975	GO:0055085	GO:0003008	GO:0006950;GO:0050896	GO:0019538	GO:0006399;GO:0034660	GO:0006629	GO:0030154;GO:0048869	GO:0000902;GO:0009653	GO:0016567;GO:0032446;GO:0070647	GO:0007049	GO:0043170	GO:0090286	GO:0042254;GO:0022613;GO:0044085	GO:0048856	GO:0050877	GO:0034655;GO:0019439;GO:0044270;GO:0046700;GO:1901361;GO:1901575	GO:0044248	GO:0032501	GO:0016043	GO:0006457	GO:0006091	GO:0006259	GO:0002376	GO:0007009	GO:0036211;GO:0043412	GO:0007010	GO:0032502	GO:0006996	GO:0006790	GO:0007155	GO:0044260	GO:0030705	GO:0140014;GO:0000280;GO:1903047;GO:0048285;GO:0022402	GO:0000003	GO:0051604	GO:0040007	GO:0061024	GO:0007059	GO:0051276	GO:0006412;GO:0034645;GO:0043043;GO:0009059;GO:0044249;GO:1901576;GO:0006518;GO:0043604;GO:1901566;GO:0043603;GO:0044271	GO:0007005	GO:0065003;GO:0043933
0	0.946	1.000	0.973	1.000	1.000	1.000	1.000	1.000	1.000	1.000	1.000	1.000	1.000	0.919	1.000	1.000	1.000	1.000	1.000	1.000	0.865	1.000	1.000	1.000	1.000	1.000	1.000	1.000	1.000	1.000	1.000	1.000	0.865	0.973	1.000	0.919	1.000	1.000	1.000	0.892	1.000	1.000	1.000	1.000	0.676	1.000	1.000	1.000	1.000	1.000	1.000	0.676	0.865	0.676	1.000	0.973	1.000	1.000	1.000	1.000	1.000	1.000	1.000	1.000	1.000	1.000	1.000	0.946
0.946	0	0.997	0.944	1.000	1.000	1.000	1.000	1.000	1.000	1.000	1.000	0.997	0.997	1.000	1.000	1.000	1.000	1.000	0.667	1.000	0.993	1.000	1.000	0.995	1.000	1.000	0.974	0.951	1.000	0.993	1.000	0.997	0.976	1.000	1.000	0.997	0.990	1.000	1.000	0.765	0.950	1.000	1.000	0.964	0.977	1.000	1.000	0.997	1.000	1.000	1.000	0.980	0.862	0.977	1.000	1.000	0.997	1.000	1.000	1.000	0.966	1.000	1.000	1.000	0.997	1.000	0.993	1.000
1.000	0.997	0	0.988	0.984	1.000	0.500	0.000	1.000	1.000	1.000	1.000	0.849	0.950	0.974	1.000	0.978	0.752	0.848	1.000	1.000	0.985	1.000	0.997	0.958	0.954	0.785	1.000	1.000	0.964	0.991	1.000	0.673	1.000	1.000	1.000	0.987	0.946	1.000	1.000	0.994	1.000	0.000	0.000	1.000	0.866	1.000	0.719	0.928	0.980	1.000	1.000	1.000	0.997	0.873	0.848	1.000	0.950	1.000	0.947	1.000	1.000	1.000	1.000	0.972	0.949	0.989	0.386	1.000
0.973	0.944	0.988	0	0.944	1.000	1.000	0.838	0.927	1.000	1.000	1.000	0.998	0.998	0.935	1.000	1.000	1.000	0.975	1.000	0.886	0.945	1.000	1.000	0.995	1.000	1.000	1.000	1.000	0.996	1.000	1.000	0.990	0.988	0.979	1.000	0.976	0.998	1.000	1.000	1.000	1.000	1.000	0.962	1.000	0.932	1.000	1.000	0.998	1.000	1.000	1.000	0.967	0.984	0.969	1.000	0.998	0.998	1.000	1.000	1.000	1.000	0.862	0.763	1.000	1.000	1.000	1.000	0.941
1.000	1.000	0.984	0.944	0	1.000	1.000	0.946	1.000	1.000	1.000	0.984	0.960	0.960	0.494	1.000	1.000	1.000	0.992	1.000	1.000	0.904	1.000	0.920	1.000	1.000	1.000	1.000	1.000	0.968	1.000	1.000	1.000	1.000	1.000	1.000	0.160	0.960	1.000	1.000	1.000	1.000	1.000	0.984	1.000	0.840	1.000	1.000	0.960	1.000	1.000	1.000	0.840	1.000	0.840	1.000	1.000	0.960	0.957	1.000	1.000	1.000	1.000	1.000	0.875	1.000	1.000	1.000	1.000
1.000	1.000	1.000	1.000	1.000	0	1.000	1.000	1.000	1.000	1.000	0.000	0.968	0.968	1.000	1.000	0.968	1.000	1.000	1.000	1.000	0.984	1.000	1.000	1.000	0.968	1.000	1.000	1.000	1.000	1.000	1.000	1.000	1.000	1.000	1.000	1.000	0.968	1.000	0.968	1.000	1.000	1.000	1.000	1.000	0.968	1.000	1.000	1.000	1.000	1.000	1.000	0.984	1.000	0.984	1.000	1.000	1.000	1.000	1.000	1.000	1.000	1.000	1.000	1.000	1.000	1.000	1.000	0.984
1.000	1.000	0.500	1.000	1.000	1.000	0	1.000	1.000	1.000	1.000	1.000	1.000	1.000	1.000	1.000	1.000	1.000	0.542	1.000	1.000	1.000	1.000	1.000	1.000	1.000	1.000	1.000	1.000	0.875	1.000	1.000	0.958	1.000	1.000	1.000	1.000	1.000	1.000	1.000	1.000	1.000	1.000	1.000	1.000	1.000	1.000	1.000	1.000	0.875	1.000	1.000	1.000	1.000	1.000	1.000	1.000	1.000	1.000	1.000	1.000	1.000	1.000	1.000	1.000	1.000	1.000	1.000	1.000
1.000	1.000	0.000	0.838	0.946	1.000	1.000	0	1.000	1.000	1.000	1.000	1.000	1.000	1.000	1.000	1.000	1.000	1.000	1.000	1.000	0.784	1.000	1.000	1.000	1.000	1.000	1.000	1.000	1.000	1.000	1.000	1.000	1.000	1.000	1.000	0.946	1.000	1.000	1.000	1.000	1.000	1.000	0.000	1.000	0.784	1.000	1.000	1.000	1.000	1.000	1.000	1.000	1.000	0.946	1.000	1.000	1.000	1.000	1.000	1.000	1.000	1.000	1.000	1.000	1.000	1.000	0.946	1.000
1.000	1.000	1.000	0.927	1.000	1.000	1.000	1.000	0	1.000	1.000	1.000	1.000	1.000	1.000	1.000	1.000	1.000	1.000	1.000	0.982	1.000	1.000	0.982	1.000	1.000	1.000	1.000	1.000	1.000	1.000	1.000	0.982	1.000	1.000	1.000	1.000	1.000	1.000	1.000	1.000	1.000	1.000	1.000	1.000	1.000	1.000	1.000	1.000	1.000	1.000	1.000	1.000	0.000	1.000	1.000	0.964	1.000	1.000	1.000	1.000	1.000	1.000	1.000	1.000	1.000	1.000	1.000	1.000
1.000	1.000	1.000	1.000	1.000	1.000	1.000	1.000	1.000	0	1.000	1.000	1.000	1.000	1.000	1.000	1.000	1.000	1.000	1.000	1.000	1.000	1.000	1.000	1.000	1.000	1.000	1.000	1.000	1.000	1.000	1.000	1.000	1.000	1.000	1.000	1.000	1.000	1.000	1.000	0.000	1.000	1.000	1.000	0.000	0.217	1.000	1.000	1.000	1.000	1.000	1.000	0.217	0.000	0.217	1.000	0.217	1.000	1.000	1.000	1.000	1.000	1.000	1.000	1.000	1.000	1.000	1.000	1.000
1.000	1.000	1.000	1.000	1.000	1.000	1.000	1.000	1.000	1.000	0	0.000	1.000	1.000	1.000	0.792	1.000	1.000	1.000	1.000	1.000	1.000	1.000	1.000	1.000	1.000	1.000	0.711	1.000	1.000	0.844	1.000	1.000	1.000	1.000	1.000	1.000	0.844	1.000	1.000	1.000	1.000	1.000	1.000	1.000	0.667	1.000	1.000	1.000	1.000	1.000	1.000	1.000	1.000	0.667	1.000	1.000	0.978	1.000	1.000	1.000	0.867	1.000	0.947	1.000	1.000	0.978	0.667	1.000
1.000	1.000	1.000	1.000	0.984	0.000	1.000	1.000	1.000	1.000	0.000	0	0.988	0.988	1.000	0.000	0.988	1.000	1.000	1.000	1.000	0.930	1.000	1.000	1.000	0.988	1.000	0.924	1.000	1.000	0.959	1.000	1.000	1.000	1.000	1.000	0.988	0.948	1.000	0.988	1.000	1.000	1.000	1.000	1.000	0.837	1.000	1.000	1.000	1.000	1.000	1.000	0.983	1.000	0.895	1.000	1.000	0.994	0.000	1.000	1.000	0.897	1.000	0.947	1.000	1.000	0.994	0.897	0.994
1.000	0.997	0.849	0.998	0.960	0.968	1.000	1.000	1.000	1.000	1.000	0.988	0	0.000	0.922	1.000	0.000	0.980	0.914	1.000	1.000	0.910	0.343	0.968	0.746	0.000	1.000	1.000	1.000	0.455	0.786	0.000	1.000	1.000	1.000	1.000	0.909	0.090	1.000	1.000	1.000	1.000	0.000	0.234	1.000	0.867	1.000	1.000	0.000	0.987	1.000	1.000	0.998	1.000	0.917	0.935	0.998	0.268	1.000	0.947	0.562	1.000	1.000	1.000	0.792	0.751	0.733	0.993	0.868
1.000	0.997	0.950	0.998	0.960	0.968	1.000	1.000	1.000	1.000	1.000	0.988	0.000	0	0.922	1.000	0.000	0.990	0.911	1.000	1.000	0.910	0.343	0.968	0.746	0.000	1.000	1.000	1.000	0.455	0.792	0.000	1.000	1.000	1.000	1.000	0.909	0.000	1.000	1.000	1.000	1.000	0.686	0.759	1.000	0.853	1.000	1.000	0.000	0.987	1.000	1.000	0.998	1.000	0.908	0.946	0.998	0.271	1.000	0.947	0.562	1.000	1.000	1.000	0.792	0.751	0.741	0.993	0.868
0.919	1.000	0.974	0.935	0.494	1.000	1.000	1.000	1.000	1.000	1.000	1.000	0.922	0.922	0	1.000	1.000	1.000	0.974	1.000	1.000	0.922	1.000	1.000	1.000	1.000	1.000	1.000	1.000	0.909	1.000	1.000	1.000	1.000	1.000	1.000	0.000	0.922	1.000	1.000	1.000	1.000	1.000	1.000	1.000	0.753	1.000	1.000	0.922	1.000	1.000	1.000	0.766	1.000	0.766	1.000	1.000	0.922	1.000	1.000	1.000	1.000	1.000	0.974	0.986	1.000	1.000	1.000	1.000
1.000	1.000	1.000	1.000	1.000	1.000	1.000	1.000	1.000	1.000	0.792	0.000	1.000	1.000	1.000	0	1.000	1.000	1.000	1.000	1.000	1.000	1.000	1.000	1.000	1.000	1.000	1.000	1.000	1.000	1.000	1.000	1.000	1.000	1.000	1.000	1.000	1.000	1.000	1.000	1.000	1.000	1.000	1.000	1.000	1.000	1.000	1.000	1.000	1.000	1.000	1.000	1.000	1.000	1.000	1.000	1.000	1.000	1.000	1.000	1.000	1.000	1.000	1.000	1.000	1.000	1.000	1.000	1.000
1.000	1.000	0.978	1.000	1.000	0.968	1.000	1.000	1.000	1.000	1.000	0.988	0.000	0.000	1.000	1.000	0	0.990	0.801	1.000	1.000	0.877	0.343	1.000	0.995	0.000	1.000	1.000	1.000	0.994	0.792	0.000	1.000	1.000	1.000	1.000	1.000	0.000	1.000	1.000	1.000	1.000	0.934	0.949	1.000	0.877	1.000	1.000	0.994	1.000	1.000	1.000	1.000	1.000	1.000	0.951	1.000	0.801	1.000	1.000	1.000	1.000	1.000	1.000	1.000	1.000	0.741	1.000	0.877
1.000	1.000	0.752	1.000	1.000	1.000	1.000	1.000	1.000	1.000	1.000	1.000	0.980	0.990	1.000	1.000	0.990	0	0.873	1.000	1.000	0.997	1.000	1.000	0.995	1.000	0.974	0.961	1.000	0.935	0.990	0.984	0.850	1.000	1.000	1.000	1.000	0.990	1.000	1.000	1.000	1.000	0.975	0.981	1.000	0.997	1.000	0.880	1.000	1.000	1.000	1.000	1.000	1.000	1.000	0.462	1.000	0.990	1.000	1.000	1.000	1.000	1.000	1.000	1.000	1.000	0.989	1.000	1.000
1.000	1.000	0.848	0.975	0.992	1.000	0.542	1.000	1.000	1.000	1.000	1.000	0.914	0.911	0.974	1.000	0.801	0.873	0	1.000	1.000	0.989	1.000	0.994	0.989	0.994	0.947	1.000	1.000	0.940	0.789	0.615	0.981	1.000	1.000	1.000	0.960	0.931	1.000	1.000	0.994	1.000	0.967	0.975	1.000	0.965	0.974	0.854	0.996	1.000	1.000	1.000	0.941	0.997	0.955	0.761	1.000	0.901	1.000	1.000	1.000	1.000	0.985	1.000	1.000	0.956	0.737	1.000	1.000
1.000	0.667	1.000	1.000	1.000	1.000	1.000	1.000	1.000	1.000	1.000	1.000	1.000	1.000	1.000	1.000	1.000	1.000	1.000	0	1.000	1.000	1.000	1.000	1.000	1.000	1.000	1.000	0.667	1.000	1.000	1.000	1.000	0.333	0.333	1.000	1.000	1.000	1.000	1.000	1.000	0.667	1.000	1.000	0.667	1.000	1.000	1.000	1.000	1.000	1.000	1.000	1.000	0.333	1.000	1.000	1.000	1.000	1.000	1.000	1.000	1.000	1.000	1.000	1.000	1.000	1.000	1.000	1.000
1.000	1.000	1.000	0.886	1.000	1.000	1.000	1.000	0.982	1.000	1.000	1.000	1.000	1.000	1.000	1.000	1.000	1.000	1.000	1.000	0	1.000	1.000	0.873	1.000	1.000	1.000	1.000	1.000	0.975	1.000	1.000	1.000	1.000	1.000	1.000	1.000	1.000	1.000	1.000	0.962	1.000	1.000	1.000	1.000	0.873	1.000	1.000	1.000	0.975	1.000	1.000	1.000	0.949	0.873	1.000	1.000	1.000	1.000	1.000	1.000	1.000	0.492	1.000	1.000	0.987	1.000	0.886	1.000
0.865	0.993	0.985	0.945	0.904	0.984	1.000	0.784	1.000	1.000	1.000	0.930	0.910	0.910	0.922	1.000	0.877	0.997	0.989	1.000	1.000	0	0.000	0.997	0.984	0.749	1.000	1.000	0.869	0.994	0.994	1.000	1.000	0.928	0.979	1.000	0.795	0.906	1.000	0.968	0.933	0.867	1.000	0.949	0.905	0.000	0.961	1.000	0.991	1.000	0.286	1.000	0.667	0.957	0.610	0.935	0.998	0.992	0.761	0.868	0.969	0.966	1.000	0.684	0.958	0.882	1.000	0.938	0.000
1.000	1.000	1.000	1.000	1.000	1.000	1.000	1.000	1.000	1.000	1.000	1.000	0.343	0.343	1.000	1.000	0.343	1.000	1.000	1.000	1.000	0.000	0	1.000	0.985	0.343	1.000	1.000	1.000	1.000	1.000	1.000	1.000	1.000	1.000	1.000	1.000	0.343	1.000	0.881	1.000	1.000	1.000	1.000	1.000	0.000	1.000	1.000	1.000	1.000	1.000	1.000	1.000	1.000	1.000	1.000	1.000	1.000	1.000	1.000	1.000	1.000	1.000	1.000	1.000	1.000	1.000	1.000	0.000
1.000	1.000	0.997	1.000	0.920	1.000	1.000	1.000	0.982	1.000	1.000	1.000	0.968	0.968	1.000	1.000	1.000	1.000	0.994	1.000	0.873	0.997	1.000	0	1.000	1.000	1.000	1.000	1.000	0.920	1.000	1.000	1.000	1.000	1.000	1.000	0.936	0.968	1.000	1.000	0.983	1.000	0.992	0.994	1.000	0.977	1.000	0.995	0.968	0.874	1.000	1.000	1.000	0.987	0.980	1.000	1.000	0.968	1.000	1.000	1.000	1.000	1.000	0.974	1.000	1.000	1.000	0.952	0.997
1.000	0.995	0.958	0.995	1.000	1.000	1.000	1.000	1.000	1.000	1.000	1.000	0.746	0.746	1.000	1.000	0.995	0.995	0.989	1.000	1.000	0.984	0.985	1.000	0	0.994	0.952	0.995	1.000	0.804	1.000	1.000	0.974	1.000	1.000	1.000	0.995	0.746	1.000	1.000	1.000	1.000	1.000	1.000	1.000	0.741	1.000	0.931	0.751	1.000	1.000	1.000	0.995	1.000	0.751	0.995	1.000	0.751	1.000	1.000	1.000	1.000	0.985	1.000	1.000	0.751	1.000	1.000	0.989
1.000	1.000	0.954	1.000	1.000	0.968	1.000	1.000	1.000	1.000	1.000	0.988	0.000	0.000	1.000	1.000	0.000	1.000	0.994	1.000	1.000	0.749	0.343	1.000	0.994	0	1.000	1.000	1.000	0.989	1.000	1.000	1.000	1.000	1.000	1.000	1.000	0.000	1.000	1.000	1.000	1.000	0.934	0.949	1.000	0.749	1.000	1.000	0.989	1.000	1.000	1.000	1.000	1.000	1.000	1.000	1.000	0.989	1.000	1.000	1.000	1.000	1.000	1.000	1.000	1.000	1.000	1.000	0.749
1.000	1.000	0.785	1.000	1.000	1.000	1.000	1.000	1.000	1.000	1.000	1.000	1.000	1.000	1.000	1.000	1.000	0.974	0.947	1.000	1.000	1.000	1.000	1.000	0.952	1.000	0	1.000	1.000	1.000	1.000	1.000	0.823	1.000	1.000	1.000	1.000	1.000	1.000	1.000	1.000	1.000	1.000	1.000	1.000	1.000	1.000	0.557	1.000	1.000	1.000	1.000	1.000	1.000	1.000	0.957	1.000	1.000	1.000	1.000	1.000	1.000	1.000	1.000	1.000	1.000	1.000	1.000	1.000
1.000	0.974	1.000	1.000	1.000	1.000	1.000	1.000	1.000	1.000	0.711	0.924	1.000	1.000	1.000	1.000	1.000	0.961	1.000	1.000	1.000	1.000	1.000	1.000	0.995	1.000	1.000	0	1.000	1.000	1.000	1.000	1.000	1.000	1.000	1.000	1.000	1.000	1.000	1.000	1.000	1.000	1.000	1.000	1.000	0.987	1.000	0.917	1.000	1.000	1.000	1.000	1.000	1.000	0.987	1.000	1.000	1.000	1.000	1.000	1.000	1.000	1.000	1.000	1.000	1.000	1.000	0.966	1.000
1.000	0.951	1.000	1.000	1.000	1.000	1.000	1.000	1.000	1.000	1.000	1.000	1.000	1.000	1.000	1.000	1.000	1.000	1.000	0.667	1.000	0.869	1.000	1.000	1.000	1.000	1.000	1.000	0	1.000	0.984	1.000	1.000	1.000	1.000	1.000	1.000	0.984	1.000	1.000	0.902	0.000	1.000	1.000	0.000	0.869	1.000	1.000	1.000	1.000	1.000	1.000	1.000	0.902	1.000	1.000	1.000	1.000	1.000	1.000	1.000	0.983	1.000	1.000	1.000	1.000	1.000	1.000	0.869
1.000	1.000	0.964	0.996	0.968	1.000	0.875	1.000	1.000	1.000	1.000	1.000	0.455	0.455	0.909	1.000	0.994	0.935	0.940	1.000	0.975	0.994	1.000	0.920	0.804	0.989	1.000	1.000	1.000	0	1.000	1.000	1.000	1.000	1.000	1.000	0.886	0.455	1.000	1.000	0.950	1.000	0.959	0.968	1.000	0.895	0.895	1.000	0.310	0.391	1.000	1.000	1.000	0.970	0.897	0.962	0.979	0.455	1.000	0.947	0.625	1.000	0.862	0.974	0.806	0.805	1.000	0.986	0.992
1.000	0.993	0.991	1.000	1.000	1.000	1.000	1.000	1.000	1.000	0.844	0.959	0.786	0.792	1.000	1.000	0.792	0.990	0.789	1.000	1.000	0.994	1.000	1.000	1.000	1.000	1.000	1.000	0.984	1.000	0	0.621	0.997	1.000	1.000	0.000	1.000	0.000	1.000	0.355	0.989	1.000	0.983	0.987	0.988	0.976	1.000	1.000	1.000	1.000	1.000	0.000	1.000	0.993	0.982	0.951	1.000	0.199	1.000	1.000	1.000	0.000	1.000	1.000	1.000	1.000	0.000	0.959	0.994
1.000	1.000	1.000	1.000	1.000	1.000	1.000	1.000	1.000	1.000	1.000	1.000	0.000	0.000	1.000	1.000	0.000	0.984	0.615	1.000	1.000	1.000	1.000	1.000	1.000	1.000	1.000	1.000	1.000	1.000	0.621	0	1.000	1.000	1.000	1.000	1.000	0.000	1.000	1.000	1.000	1.000	1.000	1.000	1.000	1.000	1.000	1.000	1.000	1.000	1.000	1.000	1.000	1.000	1.000	0.951	1.000	0.621	1.000	1.000	1.000	1.000	1.000	1.000	1.000	1.000	0.621	1.000	1.000
1.000	0.997	0.673	0.990	1.000	1.000	0.958	1.000	0.982	1.000	1.000	1.000	1.000	1.000	1.000	1.000	1.000	0.850	0.981	1.000	1.000	1.000	1.000	1.000	0.974	1.000	0.823	1.000	1.000	1.000	0.997	1.000	0	1.000	1.000	1.000	1.000	0.998	1.000	1.000	1.000	1.000	1.000	1.000	1.000	0.998	1.000	0.995	1.000	1.000	1.000	1.000	1.000	0.997	0.998	0.951	1.000	0.998	1.000	1.000	1.000	1.000	1.000	1.000	1.000	0.997	0.996	1.000	1.000
0.865	0.976	1.000	0.988	1.000	1.000	1.000	1.000	1.000	1.000	1.000	1.000	1.000	1.000	1.000	1.000	1.000	1.000	1.000	0.333	1.000	0.928	1.000	1.000	1.000	1.000	1.000	1.000	1.000	1.000	1.000	1.000	1.000	0	0.604	1.000	0.928	1.000	1.000	1.000	0.494	1.000	1.000	1.000	1.000	0.759	1.000	1.000	1.000	1.000	1.000	1.000	0.759	0.000	0.759	1.000	0.988	1.000	1.000	1.000	0.844	1.000	1.000	0.974	1.000	1.000	1.000	1.000	0.988
0.973	1.000	1.000	0.979	1.000	1.000	1.000	1.000	1.000	1.000	1.000	1.000	1.000	1.000	1.000	1.000	1.000	1.000	1.000	0.333	1.000	0.979	1.000	1.000	1.000	1.000	1.000	1.000	1.000	1.000	1.000	1.000	1.000	0.604	0	1.000	1.000	1.000	1.000	1.000	1.000	1.000	1.000	1.000	1.000	0.271	0.958	1.000	1.000	1.000	1.000	1.000	0.271	0.000	0.271	1.000	0.979	1.000	1.000	1.000	1.000	1.000	1.000	1.000	1.000	1.000	1.000	1.000	0.979
1.000	1.000	1.000	1.000	1.000	1.000	1.000	1.000	1.000	1.000	1.000	1.000	1.000	1.000	1.000	1.000	1.000	1.000	1.000	1.000	1.000	1.000	1.000	1.000	1.000	1.000	1.000	1.000	1.000	1.000	0.000	1.000	1.000	1.000	1.000	0	1.000	0.000	1.000	1.000	1.000	1.000	1.000	1.000	1.000	1.000	1.000	1.000	1.000	1.000	1.000	0.000	1.000	1.000	1.000	1.000	1.000	1.000	1.000	1.000	1.000	1.000	1.000	1.000	1.000	1.000	1.000	1.000	1.000
0.919	0.997	0.987	0.976	0.160	1.000	1.000	0.946	1.000	1.000	1.000	0.988	0.909	0.909	0.000	1.000	1.000	1.000	0.960	1.000	1.000	0.795	1.000	0.936	0.995	1.000	1.000	1.000	1.000	0.886	1.000	1.000	1.000	0.928	1.000	1.000	0	0.909	1.000	1.000	0.966	1.000	1.000	0.987	1.000	0.660	1.000	1.000	0.909	1.000	1.000	1.000	0.724	0.980	0.663	1.000	1.000	0.909	0.957	1.000	0.406	1.000	1.000	0.947	0.653	0.936	1.000	1.000	0.990
1.000	0.990	0.946	0.998	0.960	0.968	1.000	1.000	1.000	1.000	0.844	0.948	0.090	0.000	0.922	1.000	0.000	0.990	0.931	1.000	1.000	0.906	0.343	0.968	0.746	0.000	1.000	1.000	0.984	0.455	0.000	0.000	0.998	1.000	1.000	0.000	0.909	0	1.000	0.355	0.989	1.000	0.669	0.747	0.988	0.881	1.000	1.000	0.000	0.987	1.000	0.000	0.998	0.993	0.913	0.946	0.998	0.000	1.000	0.947	0.562	0.000	1.000	1.000	0.792	0.751	0.000	0.952	0.863
1.000	1.000	1.000	1.000	1.000	1.000	1.000	1.000	1.000	1.000	1.000	1.000	1.000	1.000	1.000	1.000	1.000	1.000	1.000	1.000	1.000	1.000	1.000	1.000	1.000	1.000	1.000	1.000	1.000	1.000	1.000	1.000	1.000	1.000	1.000	1.000	1.000	1.000	0	1.000	1.000	1.000	1.000	1.000	1.000	1.000	1.000	1.000	1.000	1.000	1.000	1.000	1.000	1.000	1.000	1.000	1.000	1.000	1.000	1.000	1.000	1.000	1.000	1.000	1.000	1.000	1.000	1.000	1.000
1.000	1.000	1.000	1.000	1.000	0.968	1.000	1.000	1.000	1.000	1.000	0.988	1.000	1.000	1.000	1.000	1.000	1.000	1.000	1.000	1.000	0.968	0.881	1.000	1.000	1.000	1.000	1.000	1.000	1.000	0.355	1.000	1.000	1.000	1.000	1.000	1.000	0.355	1.000	0	1.000	1.000	1.000	1.000	1.000	0.964	1.000	1.000	1.000	1.000	1.000	1.000	0.996	1.000	0.996	1.000	1.000	0.355	1.000	1.000	1.000	1.000	1.000	1.000	1.000	1.000	0.355	1.000	0.968
0.892	0.765	0.994	1.000	1.000	1.000	1.000	1.000	1.000	0.000	1.000	1.000	1.000	1.000	1.000	1.000	1.000	1.000	0.994	1.000	0.962	0.933	1.000	0.983	1.000	1.000	1.000	1.000	0.902	0.950	0.989	1.000	1.000	0.494	1.000	1.000	0.966	0.989	1.000	1.000	0	0.900	1.000	1.000	0.655	0.810	1.000	1.000	1.000	0.987	1.000	1.000	0.855	0.000	0.849	1.000	0.816	1.000	1.000	1.000	0.844	0.966	0.862	0.974	1.000	0.994	1.000	1.000	1.000
1.000	0.950	1.000	1.000	1.000	1.000	1.000	1.000	1.000	1.000	1.000	1.000	1.000	1.000	1.000	1.000	1.000	1.000	1.000	0.667	1.000	0.867	1.000	1.000	1.000	1.000	1.000	1.000	0.000	1.000	1.000	1.000	1.000	1.000	1.000	1.000	1.000	1.000	1.000	1.000	0.900	0	1.000	1.000	0.000	0.867	1.000	1.000	1.000	1.000	1.000	1.000	1.000	0.900	1.000	1.000	1.000	1.000	1.000	1.000	1.000	1.000	1.000	1.000	1.000	1.000	1.000	1.000	0.867
1.000	1.000	0.000	1.000	1.000	1.000	1.000	1.000	1.000	1.000	1.000	1.000	0.000	0.686	1.000	1.000	0.934	0.975	0.967	1.000	1.000	1.000	1.000	0.992	1.000	0.934	1.000	1.000	1.000	0.959	0.983	1.000	1.000	1.000	1.000	1.000	1.000	0.669	1.000	1.000	1.000	1.000	0	0.000	1.000	0.992	1.000	1.000	0.752	1.000	1.000	1.000	1.000	1.000	0.992	0.983	1.000	0.736	1.000	1.000	1.000	1.000	1.000	1.000	1.000	1.000	0.983	0.992	1.000
1.000	1.000	0.000	0.962	0.984	1.000	1.000	0.000	1.000	1.000	1.000	1.000	0.234	0.759	1.000	1.000	0.949	0.981	0.975	1.000	1.000	0.949	1.000	0.994	1.000	0.949	1.000	1.000	1.000	0.968	0.987	1.000	1.000	1.000	1.000	1.000	0.987	0.747	1.000	1.000	1.000	1.000	0.000	0	1.000	0.943	1.000	1.000	0.810	1.000	1.000	1.000	1.000	1.000	0.981	0.987	1.000	0.797	1.000	1.000	1.000	1.000	1.000	1.000	1.000	1.000	0.987	0.979	1.000
1.000	0.964	1.000	1.000	1.000	1.000	1.000	1.000	1.000	0.000	1.000	1.000	1.000	1.000	1.000	1.000	1.000	1.000	1.000	0.667	1.000	0.905	1.000	1.000	1.000	1.000	1.000	1.000	0.000	1.000	0.988	1.000	1.000	1.000	1.000	1.000	1.000	0.988	1.000	1.000	0.655	0.000	1.000	1.000	0	0.690	1.000	1.000	1.000	1.000	1.000	1.000	0.786	0.655	0.786	1.000	0.786	1.000	1.000	1.000	1.000	0.983	1.000	1.000	1.000	1.000	1.000	1.000	0.905
0.676	0.977	0.866	0.932	0.840	0.968	1.000	0.784	1.000	0.217	0.667	0.837	0.867	0.853	0.753	1.000	0.877	0.997	0.965	1.000	0.873	0.000	0.000	0.977	0.741	0.749	1.000	0.987	0.869	0.895	0.976	1.000	0.998	0.759	0.271	1.000	0.660	0.881	1.000	0.964	0.810	0.867	0.992	0.943	0.690	0	0.961	1.000	0.835	0.993	0.000	1.000	0.000	0.774	0.000	0.935	0.892	0.895	0.761	0.000	0.594	0.862	0.815	0.000	0.292	0.000	1.000	0.000	0.000
1.000	1.000	1.000	1.000	1.000	1.000	1.000	1.000	1.000	1.000	1.000	1.000	1.000	1.000	1.000	1.000	1.000	1.000	0.974	1.000	1.000	0.961	1.000	1.000	1.000	1.000	1.000	1.000	1.000	0.895	1.000	1.000	1.000	1.000	0.958	1.000	1.000	1.000	1.000	1.000	1.000	1.000	1.000	1.000	1.000	0.961	0	1.000	1.000	1.000	1.000	1.000	1.000	0.974	1.000	1.000	1.000	1.000	1.000	1.000	1.000	1.000	1.000	1.000	1.000	1.000	1.000	1.000	0.974
1.000	1.000	0.719	1.000	1.000	1.000	1.000	1.000	1.000	1.000	1.000	1.000	1.000	1.000	1.000	1.000	1.000	0.880	0.854	1.000	1.000	1.000	1.000	0.995	0.931	1.000	0.557	0.917	1.000	1.000	1.000	1.000	0.995	1.000	1.000	1.000	1.000	1.000	1.000	1.000	1.000	1.000	1.000	1.000	1.000	1.000	1.000	0	1.000	1.000	1.000	1.000	1.000	1.000	1.000	0.940	1.000	1.000	1.000	1.000	1.000	1.000	1.000	1.000	1.000	1.000	1.000	1.000	1.000
1.000	0.997	0.928	0.998	0.960	1.000	1.000	1.000	1.000	1.000	1.000	1.000	0.000	0.000	0.922	1.000	0.994	1.000	0.996	1.000	1.000	0.991	1.000	0.968	0.751	0.989	1.000	1.000	1.000	0.310	1.000	1.000	1.000	1.000	1.000	1.000	0.909	0.000	1.000	1.000	1.000	1.000	0.752	0.810	1.000	0.835	1.000	1.000	0	0.987	1.000	1.000	0.998	1.000	0.837	0.995	0.998	0.000	1.000	0.947	0.562	1.000	1.000	1.000	0.792	0.751	1.000	0.993	0.992
1.000	1.000	0.980	1.000	1.000	1.000	0.875	1.000	1.000	1.000	1.000	1.000	0.987	0.987	1.000	1.000	1.000	1.000	1.000	1.000	0.975	1.000	1.000	0.874	1.000	1.000	1.000	1.000	1.000	0.391	1.000	1.000	1.000	1.000	1.000	1.000	1.000	0.987	1.000	1.000	0.987	1.000	1.000	1.000	1.000	0.993	1.000	1.000	0.987	0	1.000	1.000	1.000	0.987	0.993	1.000	1.000	0.987	1.000	1.000	1.000	1.000	1.000	1.000	1.000	0.993	1.000	1.000	1.000
1.000	1.000	1.000	1.000	1.000	1.000	1.000	1.000	1.000	1.000	1.000	1.000	1.000	1.000	1.000	1.000	1.000	1.000	1.000	1.000	1.000	0.286	1.000	1.000	1.000	1.000	1.000	1.000	1.000	1.000	1.000	1.000	1.000	1.000	1.000	1.000	1.000	1.000	1.000	1.000	1.000	1.000	1.000	1.000	1.000	0.000	1.000	1.000	1.000	1.000	0	1.000	1.000	1.000	1.000	1.000	1.000	1.000	1.000	1.000	1.000	1.000	1.000	0.000	1.000	1.000	1.000	1.000	1.000
1.000	1.000	1.000	1.000	1.000	1.000	1.000	1.000	1.000	1.000	1.000	1.000	1.000	1.000	1.000	1.000	1.000	1.000	1.000	1.000	1.000	1.000	1.000	1.000	1.000	1.000	1.000	1.000	1.000	1.000	0.000	1.000	1.000	1.000	1.000	0.000	1.000	0.000	1.000	1.000	1.000	1.000	1.000	1.000	1.000	1.000	1.000	1.000	1.000	1.000	1.000	0	1.000	1.000	1.000	1.000	1.000	1.000	1.000	1.000	1.000	1.000	1.000	1.000	1.000	1.000	1.000	1.000	1.000
0.676	0.980	1.000	0.967	0.840	0.984	1.000	1.000	1.000	0.217	1.000	0.983	0.998	0.998	0.766	1.000	1.000	1.000	0.941	1.000	1.000	0.667	1.000	1.000	0.995	1.000	1.000	1.000	1.000	1.000	1.000	1.000	1.000	0.759	0.271	1.000	0.724	0.998	1.000	0.996	0.855	1.000	1.000	1.000	0.786	0.000	1.000	1.000	0.998	1.000	1.000	1.000	0	0.800	0.000	1.000	0.892	0.998	0.957	0.868	1.000	1.000	0.815	0.974	1.000	0.997	1.000	1.000	0.765
0.865	0.862	0.997	0.984	1.000	1.000	1.000	1.000	0.000	0.000	1.000	1.000	1.000	1.000	1.000	1.000	1.000	1.000	0.997	0.333	0.949	0.957	1.000	0.987	1.000	1.000	1.000	1.000	0.902	0.970	0.993	1.000	0.997	0.000	0.000	1.000	0.980	0.993	1.000	1.000	0.000	0.900	1.000	1.000	0.655	0.774	0.974	1.000	1.000	0.987	1.000	1.000	0.800	0	0.797	1.000	0.882	1.000	1.000	1.000	0.844	0.966	0.862	0.974	1.000	0.997	1.000	1.000	0.997
0.676	0.977	0.873	0.969	0.840	0.984	1.000	0.946	1.000	0.217	0.667	0.895	0.917	0.908	0.766	1.000	1.000	1.000	0.955	1.000	0.873	0.610	1.000	0.980	0.751	1.000	1.000	0.987	1.000	0.897	0.982	1.000	0.998	0.759	0.271	1.000	0.663	0.913	1.000	0.996	0.849	1.000	0.992	0.981	0.786	0.000	1.000	1.000	0.837	0.993	1.000	1.000	0.000	0.797	0	1.000	0.892	0.897	0.957	0.000	0.594	0.897	0.815	0.842	0.292	0.000	1.000	0.000	0.655
1.000	1.000	0.848	1.000	1.000	1.000	1.000	1.000	1.000	1.000	1.000	1.000	0.935	0.946	1.000	1.000	0.951	0.462	0.761	1.000	1.000	0.935	1.000	1.000	0.995	1.000	0.957	1.000	1.000	0.962	0.951	0.951	0.951	1.000	1.000	1.000	1.000	0.946	1.000	1.000	1.000	1.000	0.983	0.987	1.000	0.935	1.000	0.940	0.995	1.000	1.000	1.000	1.000	1.000	1.000	0	1.000	0.946	1.000	1.000	1.000	1.000	1.000	1.000	1.000	1.000	0.951	1.000	1.000
0.973	1.000	1.000	0.998	1.000	1.000	1.000	1.000	0.964	0.217	1.000	1.000	0.998	0.998	1.000	1.000	1.000	1.000	1.000	1.000	1.000	0.998	1.000	1.000	1.000	1.000	1.000	1.000	1.000	0.979	1.000	1.000	1.000	0.988	0.979	1.000	1.000	0.998	1.000	1.000	0.816	1.000	1.000	1.000	0.786	0.892	1.000	1.000	0.998	1.000	1.000	1.000	0.892	0.882	0.892	1.000	0	0.998	1.000	1.000	1.000	1.000	0.862	1.000	1.000	1.000	1.000	1.000	0.997
1.000	0.997	0.950	0.998	0.960	1.000	1.000	1.000	1.000	1.000	0.978	0.994	0.268	0.271	0.922	1.000	0.801	0.990	0.901	1.000	1.000	0.992	1.000	0.968	0.751	0.989	1.000	1.000	1.000	0.455	0.199	0.621	0.998	1.000	1.000	1.000	0.909	0.000	1.000	0.355	1.000	1.000	0.736	0.797	1.000	0.895	1.000	1.000	0.000	0.987	1.000	1.000	0.998	1.000	0.897	0.946	0.998	0	1.000	0.947	0.562	1.000	1.000	1.000	0.792	0.751	0.000	0.993	0.992
1.000	1.000	1.000	1.000	0.957	1.000	1.000	1.000	1.000	1.000	1.000	0.000	1.000	1.000	1.000	1.000	1.000	1.000	1.000	1.000	1.000	0.761	1.000	1.000	1.000	1.000	1.000	1.000	1.000	1.000	1.000	1.000	1.000	1.000	1.000	1.000	0.957	1.000	1.000	1.000	1.000	1.000	1.000	1.000	1.000	0.761	1.000	1.000	1.000	1.000	1.000	1.000	0.957	1.000	0.957	1.000	1.000	1.000	0	1.000	1.000	1.000	1.000	1.000	1.000	1.000	1.000	1.000	1.000
1.000	1.000	0.947	1.000	1.000	1.000	1.000	1.000	1.000	1.000	1.000	1.000	0.947	0.947	1.000	1.000	1.000	1.000	1.000	1.000	1.000	0.868	1.000	1.000	1.000	1.000	1.000	1.000	1.000	0.947	1.000	1.000	1.000	1.000	1.000	1.000	1.000	0.947	1.000	1.000	1.000	1.000	1.000	1.000	1.000	0.000	1.000	1.000	0.947	1.000	1.000	1.000	0.868	1.000	0.000	1.000	1.000	0.947	1.000	0	1.000	1.000	1.000	1.000	0.158	0.158	1.000	1.000	1.000
1.000	1.000	1.000	1.000	1.000	1.000	1.000	1.000	1.000	1.000	1.000	1.000	0.562	0.562	1.000	1.000	1.000	1.000	1.000	1.000	1.000	0.969	1.000	1.000	1.000	1.000	1.000	1.000	1.000	0.625	1.000	1.000	1.000	0.844	1.000	1.000	0.406	0.562	1.000	1.000	0.844	1.000	1.000	1.000	1.000	0.594	1.000	1.000	0.562	1.000	1.000	1.000	1.000	0.844	0.594	1.000	1.000	0.562	1.000	1.000	0	1.000	1.000	1.000	0.562	0.656	1.000	0.938	1.000
1.000	0.966	1.000	1.000	1.000	1.000	1.000	1.000	1.000	1.000	0.867	0.897	1.000	1.000	1.000	1.000	1.000	1.000	1.000	1.000	1.000	0.966	1.000	1.000	1.000	1.000	1.000	1.000	0.983	1.000	0.000	1.000	1.000	1.000	1.000	1.000	1.000	0.000	1.000	1.000	0.966	1.000	1.000	1.000	0.983	0.862	1.000	1.000	1.000	1.000	1.000	1.000	1.000	0.966	0.897	1.000	1.000	1.000	1.000	1.000	1.000	0	1.000	1.000	1.000	1.000	1.000	0.897	0.966
1.000	1.000	1.000	0.862	1.000	1.000	1.000	1.000	1.000	1.000	1.000	1.000	1.000	1.000	1.000	1.000	1.000	1.000	0.985	1.000	0.492	1.000	1.000	1.000	0.985	1.000	1.000	1.000	1.000	0.862	1.000	1.000	1.000	1.000	1.000	1.000	1.000	1.000	1.000	1.000	0.862	1.000	1.000	1.000	1.000	0.815	1.000	1.000	1.000	1.000	1.000	1.000	0.815	0.862	0.815	1.000	0.862	1.000	1.000	1.000	1.000	1.000	0	1.000	1.000	1.000	1.000	1.000	1.000
1.000	1.000	1.000	0.763	1.000	1.000	1.000	1.000	1.000	1.000	0.947	0.947	1.000	1.000	0.974	1.000	1.000	1.000	1.000	1.000	1.000	0.684	1.000	0.974	1.000	1.000	1.000	1.000	1.000	0.974	1.000	1.000	1.000	0.974	1.000	1.000	0.947	1.000	1.000	1.000	0.974	1.000	1.000	1.000	1.000	0.000	1.000	1.000	1.000	1.000	0.000	1.000	0.974	0.974	0.842	1.000	1.000	1.000	1.000	1.000	1.000	1.000	1.000	0	1.000	1.000	1.000	0.868	0.947
1.000	1.000	0.972	1.000	0.875	1.000	1.000	1.000	1.000	1.000	1.000	1.000	0.792	0.792	0.986	1.000	1.000	1.000	1.000	1.000	1.000	0.958	1.000	1.000	1.000	1.000	1.000	1.000	1.000	0.806	1.000	1.000	1.000	1.000	1.000	1.000	0.653	0.792	1.000	1.000	1.000	1.000	1.000	1.000	1.000	0.292	1.000	1.000	0.792	1.000	1.000	1.000	1.000	1.000	0.292	1.000	1.000	0.792	1.000	0.158	0.562	1.000	1.000	1.000	0	0.292	1.000	1.000	0.972
1.000	0.997	0.949	1.000	1.000	1.000	1.000	1.000	1.000	1.000	1.000	1.000	0.751	0.751	1.000	1.000	1.000	1.000	0.956	1.000	0.987	0.882	1.000	1.000	0.751	1.000	1.000	1.000	1.000	0.805	1.000	1.000	0.997	1.000	1.000	1.000	0.936	0.751	1.000	1.000	0.994	1.000	1.000	1.000	1.000	0.000	1.000	1.000	0.751	0.993	1.000	1.000	0.997	0.997	0.000	1.000	1.000	0.751	1.000	0.158	0.656	1.000	1.000	1.000	0.292	0	1.000	1.000	0.889
1.000	1.000	0.989	1.000	1.000	1.000	1.000	1.000	1.000	1.000	0.978	0.994	0.733	0.741	1.000	1.000	0.741	0.989	0.737	1.000	1.000	1.000	1.000	1.000	1.000	1.000	1.000	1.000	1.000	1.000	0.000	0.621	0.996	1.000	1.000	1.000	1.000	0.000	1.000	0.355	1.000	1.000	0.983	0.987	1.000	1.000	1.000	1.000	1.000	1.000	1.000	1.000	1.000	1.000	1.000	0.951	1.000	0.000	1.000	1.000	1.000	1.000	1.000	1.000	1.000	1.000	0	1.000	1.000
1.000	0.993	0.386	1.000	1.000	1.000	1.000	0.946	1.000	1.000	0.667	0.897	0.993	0.993	1.000	1.000	1.000	1.000	1.000	1.000	0.886	0.938	1.000	0.952	1.000	1.000	1.000	0.966	1.000	0.986	0.959	1.000	1.000	1.000	1.000	1.000	1.000	0.952	1.000	1.000	1.000	1.000	0.992	0.979	1.000	0.000	1.000	1.000	0.993	1.000	1.000	1.000	1.000	1.000	0.000	1.000	1.000	0.993	1.000	1.000	0.938	0.897	1.000	0.868	1.000	1.000	1.000	0	0.959
0.946	1.000	1.000	0.941	1.000	0.984	1.000	1.000	1.000	1.000	1.000	0.994	0.868	0.868	1.000	1.000	0.877	1.000	1.000	1.000	1.000	0.000	0.000	0.997	0.989	0.749	1.000	1.000	0.869	0.992	0.994	1.000	1.000	0.988	0.979	1.000	0.990	0.863	1.000	0.968	1.000	0.867	1.000	1.000	0.905	0.000	0.974	1.000	0.992	1.000	1.000	1.000	0.765	0.997	0.655	1.000	0.997	0.992	1.000	1.000	1.000	0.966	1.000	0.947	0.972	0.889	1.000	0.959	0
