GO:0008135;GO:0090079;GO:0045182	GO:0016887	GO:0004518	GO:0004386;GO:0140640;GO:0140657	GO:0016791;GO:0042578;GO:0016788	GO:0016779	GO:0016757	GO:0003723	GO:0016798	GO:0022857;GO:0005215	GO:0016829	GO:0016853	GO:0008168;GO:0016741	GO:0019899	GO:0051082	GO:0005198	GO:0005515	GO:0003735	GO:0032182	GO:0030234;GO:0098772	GO:0016491	GO:0016765	GO:0003677	GO:0008134	GO:0008233;GO:0140096	GO:0017111;GO:0016462;GO:0016818;GO:0016817;GO:0003924	GO:0019843	GO:0008289	GO:0016874	GO:0016810	GO:0016301;GO:0016772	GO:0008092	GO:0003729	GO:0003700;GO:0140110	GO:0016746
0	0.273	0.879	0.848	0.273	0.545	0.455	0.697	1.000	0.667	0.879	0.970	0.879	0.879	1.000	0.879	0.758	0.939	1.000	0.939	0.242	0.905	-0.485	1.000	-0.848	-0.515	1.000	0.909	0.848	0.818	-0.030	0.909	0.556	0.848	0.848
0.273	0	0.618	0.176	0.495	0.473	0.567	0.670	0.636	0.330	0.622	0.479	0.685	0.722	-0.500	0.732	0.649	0.700	-1.000	0.732	0.505	-0.238	0.113	-3.000	0.113	-0.485	-3.800	0.732	0.554	0.293	0.423	0.691	-1.667	0.701	0.636
0.879	0.618	0	0.824	-0.316	0.743	0.645	0.632	0.939	0.776	0.892	0.896	0.895	0.908	0.750	0.855	0.855	0.895	0.667	0.908	0.618	0.714	0.224	0.333	0.132	0.316	0.200	0.895	0.877	0.756	0.474	0.908	0.556	0.868	0.895
0.848	0.176	0.824	0	0.431	0.608	0.569	0.686	0.902	0.647	0.824	0.875	0.824	0.843	0.688	0.824	0.627	0.902	0.583	0.863	0.451	0.667	-0.235	0.167	-0.294	-0.569	0.000	0.863	0.824	0.756	0.255	0.706	0.444	0.804	0.824
0.273	0.495	-0.316	0.431	0	0.459	0.766	0.741	0.636	0.845	0.622	0.479	0.685	0.815	-0.500	0.785	0.837	0.650	-1.000	0.822	0.796	-0.238	0.673	-3.000	0.645	0.696	-3.800	0.789	0.569	0.268	0.751	0.812	-1.667	0.862	0.636
0.545	0.473	0.743	0.608	0.459	0	0.568	0.703	0.773	0.662	0.743	0.667	0.743	0.757	0.062	0.770	0.716	0.797	-0.250	0.770	0.473	0.190	-0.257	-1.500	-0.027	0.162	-2.000	0.770	0.708	0.512	-0.432	0.770	-0.667	0.730	0.743
0.455	0.567	0.645	0.569	0.766	0.568	0	0.849	0.682	0.824	0.716	0.604	0.753	0.861	-0.125	0.861	0.878	0.775	-0.417	0.866	0.766	0.048	0.649	-1.833	0.610	0.683	-2.400	0.842	0.600	0.390	0.741	0.898	-0.889	0.883	0.701
0.697	0.670	0.632	0.686	0.741	0.703	0.849	0	0.909	0.859	0.865	0.708	0.820	0.940	0.625	0.854	0.914	0.787	0.333	0.936	0.800	0.619	0.659	-0.167	0.632	0.703	-1.200	0.917	0.785	0.659	0.762	0.951	-0.667	0.930	0.857
1.000	0.636	0.939	0.902	0.636	0.773	0.682	0.909	0	0.803	0.939	0.958	0.924	0.939	0.938	0.970	0.879	1.000	1.000	0.955	0.621	0.857	0.212	1.000	0.076	0.288	1.000	0.970	0.938	0.854	0.500	0.970	1.000	0.924	0.909
0.667	0.330	0.776	0.647	0.845	0.662	0.824	0.859	0.803	0	0.784	0.771	0.820	0.894	0.312	0.833	0.935	0.762	0.167	0.892	0.881	0.381	0.848	-0.833	0.821	0.629	-1.400	0.850	0.785	0.585	0.897	0.919	-0.222	0.862	0.818
0.879	0.622	0.892	0.824	0.622	0.743	0.716	0.865	0.939	0.784	0	0.875	0.878	0.905	0.750	0.905	0.865	0.946	0.667	0.919	0.635	0.714	0.270	0.333	0.122	0.311	0.200	0.919	0.846	0.732	0.311	0.919	0.556	0.851	0.878
0.970	0.479	0.896	0.875	0.479	0.667	0.604	0.708	0.958	0.771	0.875	0	0.854	0.917	0.938	0.938	0.854	0.979	0.917	0.938	0.354	0.810	-0.062	0.833	-0.312	0.000	0.800	0.917	0.875	0.854	0.208	0.938	0.889	0.875	0.896
0.879	0.685	0.895	0.824	0.685	0.743	0.753	0.820	0.924	0.820	0.878	0.854	0	0.921	0.750	0.933	0.876	0.950	0.667	0.921	0.640	0.667	0.371	0.333	0.258	0.427	0.200	0.933	0.846	0.732	0.573	0.921	0.556	0.899	0.896
0.879	0.722	0.908	0.843	0.815	0.757	0.861	0.940	0.939	0.894	0.905	0.917	0.921	0	0.812	0.938	-0.040	0.938	0.750	0.874	0.815	0.762	0.636	0.500	0.563	0.669	0.400	0.947	0.877	0.805	0.735	0.907	0.667	0.940	0.896
1.000	-0.500	0.750	0.688	-0.500	0.062	-0.125	0.625	0.938	0.312	0.750	0.938	0.750	0.812	0	0.875	-0.375	1.000	1.000	0.812	-0.438	0.875	-2.062	1.000	-2.812	-1.938	1.000	0.875	0.750	0.688	-1.125	0.875	1.000	0.688	0.750
0.879	0.732	0.855	0.824	0.785	0.770	0.861	0.854	0.970	0.833	0.905	0.938	0.933	0.938	0.875	0	0.806	-0.025	0.833	0.951	0.806	0.810	0.604	0.667	0.556	0.618	0.000	0.962	0.892	0.780	0.708	0.861	0.778	0.931	0.883
0.758	0.649	0.855	0.627	0.837	0.716	0.878	0.914	0.879	0.935	0.865	0.854	0.876	-0.040	-0.375	0.806	0	0.887	-0.500	0.847	0.913	0.619	0.815	-1.000	0.796	0.692	-0.400	0.872	0.831	0.732	0.861	-0.032	0.333	0.938	0.831
0.939	0.700	0.895	0.902	0.650	0.797	0.775	0.787	1.000	0.762	0.946	0.979	0.950	0.938	1.000	-0.025	0.887	0	1.000	0.938	0.688	0.905	0.363	1.000	0.225	0.412	0.400	0.963	0.923	0.829	0.550	0.963	1.000	0.925	0.922
1.000	-1.000	0.667	0.583	-1.000	-0.250	-0.417	0.333	1.000	0.167	0.667	0.917	0.667	0.750	1.000	0.833	-0.500	1.000	0	0.833	-0.917	0.833	-2.917	1.000	-4.333	-2.917	1.000	0.750	0.667	0.583	-1.667	0.750	1.000	0.500	0.667
0.939	0.732	0.908	0.863	0.822	0.770	0.866	0.936	0.955	0.892	0.919	0.938	0.921	0.874	0.812	0.951	0.847	0.938	0.833	0	0.790	0.810	0.650	0.667	0.554	0.682	0.600	0.962	0.908	0.829	0.771	0.975	0.778	0.924	0.909
0.242	0.505	0.618	0.451	0.796	0.473	0.766	0.800	0.621	0.881	0.635	0.354	0.640	0.815	-0.438	0.806	0.913	0.688	-0.917	0.790	0	-0.238	0.812	-2.833	0.784	0.700	-3.600	0.782	0.508	0.293	0.852	0.860	-1.667	0.844	0.558
0.905	-0.238	0.714	0.667	-0.238	0.190	0.048	0.619	0.857	0.381	0.714	0.810	0.667	0.762	0.875	0.810	0.619	0.905	0.833	0.810	-0.238	0	-1.333	0.667	-2.000	-1.333	0.600	0.810	0.714	0.619	-0.619	0.810	0.778	0.667	0.667
-0.485	0.113	0.224	-0.235	0.673	-0.257	0.649	0.659	0.212	0.848	0.270	-0.062	0.371	0.636	-2.062	0.604	0.815	0.363	-2.917	0.650	0.812	-1.333	0	-7.000	0.725	0.532	-8.600	0.564	0.169	-0.317	0.762	0.704	-4.222	0.098	0.299
1.000	-3.000	0.333	0.167	-3.000	-1.500	-1.833	-0.167	1.000	-0.833	0.333	0.833	0.333	0.500	1.000	0.667	-1.000	1.000	1.000	0.667	-2.833	0.667	-7.000	0	-9.167	-6.833	1.000	0.667	0.333	0.167	-4.333	0.667	1.000	0.167	0.333
-0.848	0.113	0.132	-0.294	0.645	-0.027	0.610	0.632	0.076	0.821	0.122	-0.312	0.258	0.563	-2.812	0.556	0.796	0.225	-4.333	0.554	0.784	-2.000	0.725	-9.167	0	0.540	-11.200	0.526	0.000	-0.634	0.757	0.661	-5.778	0.705	0.156
-0.515	-0.485	0.316	-0.569	0.696	0.162	0.683	0.703	0.288	0.629	0.311	0.000	0.427	0.669	-1.938	0.618	0.692	0.412	-2.917	0.682	0.700	-1.333	0.532	-6.833	0.540	0	-8.400	0.632	0.200	-0.268	0.662	0.629	-4.222	0.768	0.338
1.000	-3.800	0.200	0.000	-3.800	-2.000	-2.400	-1.200	1.000	-1.400	0.200	0.800	0.200	0.400	1.000	0.000	-0.400	0.400	1.000	0.600	-3.600	0.600	-8.600	1.000	-11.200	-8.400	0	0.600	0.200	-0.200	-5.400	0.400	1.000	0.000	0.200
0.909	0.732	0.895	0.863	0.789	0.770	0.842	0.917	0.970	0.850	0.919	0.917	0.933	0.947	0.875	0.962	0.872	0.963	0.750	0.962	0.782	0.810	0.564	0.667	0.526	0.632	0.600	0	0.908	0.829	0.707	0.925	0.778	0.887	0.922
0.848	0.554	0.877	0.824	0.569	0.708	0.600	0.785	0.938	0.785	0.846	0.875	0.846	0.877	0.750	0.892	0.831	0.923	0.667	0.908	0.508	0.714	0.169	0.333	0.000	0.200	0.200	0.908	0	0.683	0.415	0.908	0.556	0.862	0.846
0.818	0.293	0.756	0.756	0.268	0.512	0.390	0.659	0.854	0.585	0.732	0.854	0.732	0.805	0.688	0.780	0.732	0.829	0.583	0.829	0.293	0.619	-0.317	0.167	-0.634	-0.268	-0.200	0.829	0.683	0	0.098	0.829	0.333	0.732	0.707
-0.030	0.423	0.474	0.255	0.751	-0.432	0.741	0.762	0.500	0.897	0.311	0.208	0.573	0.735	-1.125	0.708	0.861	0.550	-1.667	0.771	0.852	-0.619	0.762	-4.333	0.757	0.662	-5.400	0.707	0.415	0.098	0	0.785	-2.556	0.812	0.481
0.909	0.691	0.908	0.706	0.812	0.770	0.898	0.951	0.970	0.919	0.919	0.938	0.921	0.907	0.875	0.861	-0.032	0.963	0.750	0.975	0.860	0.810	0.704	0.667	0.661	0.629	0.400	0.925	0.908	0.829	0.785	0	0.778	0.957	0.909
0.556	-1.667	0.556	0.444	-1.667	-0.667	-0.889	-0.667	1.000	-0.222	0.556	0.889	0.556	0.667	1.000	0.778	0.333	1.000	1.000	0.778	-1.667	0.778	-4.222	1.000	-5.778	-4.222	1.000	0.778	0.556	0.333	-2.556	0.778	0	0.333	0.556
0.848	0.701	0.868	0.804	0.862	0.730	0.883	0.930	0.924	0.862	0.851	0.875	0.899	0.940	0.688	0.931	0.938	0.925	0.500	0.924	0.844	0.667	0.098	0.167	0.705	0.768	0.000	0.887	0.862	0.732	0.812	0.957	0.333	0	0.870
0.848	0.636	0.895	0.824	0.636	0.743	0.701	0.857	0.909	0.818	0.878	0.896	0.896	0.896	0.750	0.883	0.831	0.922	0.667	0.909	0.558	0.667	0.299	0.333	0.156	0.338	0.200	0.922	0.846	0.707	0.481	0.909	0.556	0.870	0
