GO:0048856;GO:0032502	GO:0009056	GO:0006605;GO:0006886;GO:0015031;GO:0045184;GO:0071702;GO:0071705;GO:0008104;GO:0070727;GO:0033036	GO:0000278	GO:0071554	GO:0006399;GO:0034660	GO:0051301	GO:0006629	GO:0051604	GO:0022607;GO:0065003;GO:0043933	GO:0006996	GO:0032501	GO:0006412;GO:0019538;GO:0034645;GO:0043043;GO:0009059;GO:0044249;GO:1901576;GO:0006518;GO:0043604;GO:1901566;GO:0043603;GO:0044271	GO:0051276	GO:0007155	GO:0042592;GO:0065008	GO:0006914;GO:0061919	GO:0007009	GO:0016192	GO:0006091	GO:0006913;GO:0051169	GO:0048646	GO:0040007	GO:0007010	GO:0007059	GO:0030705	GO:0042254;GO:0022613;GO:0044085	GO:0008283	GO:0007005	GO:0002376	GO:0007267;GO:0007154;GO:0023052	GO:0006790	GO:0022618;GO:0071826	GO:0000003	GO:0050877;GO:0003008	GO:0006520;GO:0019752;GO:0043436;GO:0006082	GO:0048870	GO:0016070	GO:0009790;GO:0007275	GO:0046907;GO:0051641;GO:0051649	GO:0140014;GO:0000280;GO:1903047;GO:0048285;GO:0022402	GO:0006457	GO:0006950;GO:0050896	GO:0008219	GO:0000902;GO:0009653	GO:0007034	GO:0005975	GO:0051186	GO:0030154;GO:0048869	GO:0061024	GO:0034655;GO:0019439;GO:0044270;GO:0046700;GO:1901361;GO:0044248;GO:1901575	GO:0055085	GO:0006397;GO:0006396;GO:0016071	GO:0007049	GO:0006259;GO:0044260;GO:0090304
0	0.787	1.000	0.949	0.800	0.939	1.000	0.936	0.957	0.936	0.734	0.500	0.979	0.957	0.798	0.986	1.000	1.000	0.979	0.929	1.000	0.000	0.920	0.809	1.000	1.000	1.000	0.897	1.000	0.941	0.840	0.931	1.000	0.824	0.824	0.585	0.833	0.957	0.000	1.000	1.000	0.952	0.894	0.936	0.000	1.000	0.957	0.840	0.000	0.950	0.956	0.936	1.000	0.957	0.894
0.787	0	0.000	0.410	-3.200	0.591	0.447	0.581	0.130	0.879	0.771	0.321	0.808	0.722	0.863	0.676	-1.462	-1.375	0.859	0.271	0.048	-0.727	0.200	0.836	0.286	-1.375	0.823	0.345	0.021	0.662	0.796	0.466	0.091	-0.118	-0.118	0.635	-0.583	0.758	-0.727	0.615	-0.462	0.048	0.812	0.852	-1.375	-2.167	0.677	0.505	0.321	0.050	-0.422	0.833	0.636	0.752	0.802
1.000	0.000	0	0.842	0.800	0.789	1.000	0.789	0.895	0.895	0.158	1.000	0.842	0.789	0.842	0.947	1.000	1.000	0.947	0.737	1.000	1.000	1.000	0.895	1.000	1.000	1.000	1.000	0.632	0.842	1.000	0.789	1.000	1.000	1.000	-1.000	1.000	0.789	1.000	0.000	1.000	1.000	0.579	0.947	1.000	0.667	0.789	0.263	1.000	0.947	0.895	0.368	1.000	0.842	0.526
0.949	0.410	0.842	0	0.400	0.846	0.447	0.795	0.870	0.769	0.462	0.929	0.897	0.846	0.872	0.923	0.846	0.750	0.846	0.795	0.905	0.818	0.920	0.667	0.893	0.750	0.949	0.931	0.923	0.872	0.949	0.846	0.909	0.882	0.882	-0.077	0.833	0.846	0.818	0.923	0.846	0.905	0.615	0.923	0.750	0.667	0.821	0.564	0.929	0.850	0.872	0.795	0.949	-0.051	0.590
0.800	-3.200	0.800	0.400	0	0.000	0.800	-0.400	0.800	0.400	-1.000	0.800	0.600	0.000	0.200	0.600	0.800	0.800	0.600	-0.200	0.800	0.800	0.800	0.400	0.800	0.800	0.800	0.800	0.800	0.000	0.800	0.000	0.800	0.800	0.800	-7.400	0.800	0.000	0.800	0.800	0.800	0.800	-1.000	0.600	0.800	0.800	0.000	-2.000	0.800	0.800	0.400	-0.200	0.800	0.400	-1.200
0.939	0.591	0.789	0.846	0.000	0	0.895	0.818	0.826	0.909	0.803	0.857	0.621	0.879	0.879	0.909	0.692	0.500	0.924	0.788	0.810	0.636	0.840	0.909	0.857	0.500	0.939	0.862	0.917	0.894	0.909	0.828	0.818	0.765	0.765	0.061	0.667	-0.061	0.636	0.923	0.692	0.810	0.788	0.924	0.500	0.333	0.803	0.636	0.857	0.800	0.867	0.818	0.939	0.909	-0.136
1.000	0.447	1.000	0.447	0.800	0.895	0	0.868	0.957	0.842	0.658	1.000	0.947	0.895	0.921	0.974	0.846	1.000	0.842	0.868	1.000	1.000	1.000	0.842	0.893	1.000	1.000	1.000	1.000	0.921	1.000	0.895	1.000	1.000	1.000	-0.026	1.000	0.895	1.000	1.000	1.000	1.000	0.737	0.947	1.000	1.000	0.895	0.632	1.000	1.000	0.895	0.868	1.000	0.158	0.684
0.936	0.581	0.789	0.795	-0.400	0.818	0.868	0	0.826	0.955	0.921	0.857	0.925	0.926	0.957	0.905	0.692	0.500	0.955	0.814	0.810	0.636	0.840	0.945	0.821	0.500	0.947	0.862	0.896	0.882	0.918	0.776	0.818	0.765	0.765	0.739	0.583	0.909	0.636	0.923	0.692	0.762	0.926	0.965	0.500	0.333	0.812	0.709	0.821	0.750	0.800	0.940	0.939	0.924	0.887
0.957	0.130	0.895	0.870	0.800	0.826	0.957	0.826	0	0.913	0.522	1.000	-0.043	0.826	0.870	0.957	0.923	1.000	0.913	0.783	1.000	1.000	1.000	0.913	1.000	1.000	1.000	1.000	0.913	0.870	0.957	0.826	1.000	1.000	1.000	-0.652	1.000	0.826	1.000	0.913	1.000	1.000	0.652	0.957	1.000	1.000	0.826	0.391	1.000	1.000	0.870	0.783	1.000	0.783	0.565
0.936	0.879	0.895	0.769	0.400	0.909	0.842	0.955	0.913	0	0.520	0.857	0.979	0.713	0.957	0.932	0.769	0.125	0.932	0.900	0.857	0.818	0.880	0.582	0.679	0.500	0.956	0.897	0.875	0.897	0.969	0.810	-0.091	0.647	0.765	0.788	0.583	0.833	0.818	0.904	0.615	0.762	0.924	0.944	0.750	0.667	0.952	0.845	0.893	0.500	0.889	0.927	0.727	0.705	0.859
0.734	0.771	0.158	0.462	-1.000	0.803	0.658	0.921	0.522	0.520	0	0.321	0.911	-0.083	0.814	0.554	0.231	-0.125	0.921	0.786	0.524	0.182	0.400	-0.062	-0.071	-0.125	0.894	0.621	-0.188	0.794	0.878	0.776	0.545	0.000	0.471	0.805	-0.167	0.864	-0.727	0.654	-0.692	0.524	0.764	0.880	-0.625	-0.667	0.914	0.767	0.500	0.350	0.733	0.860	0.788	0.524	0.809
0.500	0.321	1.000	0.929	0.800	0.857	1.000	0.857	1.000	0.857	0.321	0	0.964	0.857	0.536	0.893	1.000	1.000	0.964	0.821	1.000	1.000	1.000	0.571	1.000	1.000	1.000	1.000	1.000	0.893	0.964	0.857	1.000	1.000	0.000	-0.357	1.000	0.857	0.000	1.000	1.000	1.000	0.714	0.964	1.000	1.000	0.857	0.500	1.000	1.000	0.929	0.786	1.000	0.929	0.679
0.979	0.808	0.842	0.897	0.600	0.621	0.947	0.925	-0.043	0.979	0.911	0.964	0	0.954	0.959	0.946	0.846	0.875	0.952	0.871	0.952	0.909	0.960	0.973	0.964	0.875	0.310	0.966	0.938	0.912	0.959	0.879	0.955	0.941	0.941	0.575	0.917	0.803	0.909	0.923	0.923	0.952	0.911	0.965	0.875	0.667	0.932	0.806	0.964	0.950	0.867	0.952	0.970	0.943	0.116
0.957	0.722	0.789	0.846	0.000	0.879	0.895	0.926	0.826	0.713	-0.083	0.857	0.954	0	0.926	0.622	0.692	0.500	0.954	0.871	0.810	0.636	0.800	0.926	0.107	0.500	0.963	0.828	0.896	0.882	0.949	0.862	0.773	0.412	0.765	0.546	0.667	0.889	0.636	0.923	-0.077	0.762	0.620	0.935	0.500	0.333	0.907	0.816	0.857	0.800	0.867	0.907	0.879	0.838	0.537
0.798	0.863	0.842	0.872	0.200	0.879	0.921	0.957	0.870	0.957	0.814	0.536	0.959	0.926	0	0.946	0.769	0.625	0.969	0.871	0.857	0.636	0.800	0.849	0.893	0.625	0.973	0.897	0.938	0.897	0.959	0.879	0.864	0.765	0.824	0.739	0.750	0.932	-0.182	0.942	0.769	0.857	0.919	0.965	0.625	0.500	0.950	0.825	0.857	0.850	0.889	0.947	0.939	0.952	0.894
0.986	0.676	0.947	0.923	0.600	0.909	0.974	0.905	0.957	0.932	0.554	0.893	0.946	0.622	0.946	0	0.923	0.875	0.959	0.857	0.952	0.909	0.960	0.959	0.964	0.875	0.973	0.966	0.958	0.941	0.973	0.879	0.909	0.941	0.824	0.432	0.917	0.892	0.909	0.981	0.923	0.952	0.622	0.973	0.875	0.833	0.851	0.784	0.964	0.950	0.933	0.905	0.955	0.959	0.514
1.000	-1.462	1.000	0.846	0.800	0.692	0.846	0.692	0.923	0.769	0.231	1.000	0.846	0.692	0.769	0.923	0	1.000	0.769	0.615	1.000	1.000	1.000	0.769	1.000	1.000	1.000	1.000	1.000	0.769	1.000	0.692	1.000	1.000	1.000	-1.923	1.000	0.692	1.000	1.000	1.000	1.000	0.385	0.846	1.000	1.000	0.692	-0.077	1.000	1.000	-0.154	0.615	1.000	0.692	0.308
1.000	-1.375	1.000	0.750	0.800	0.500	1.000	0.500	1.000	0.125	-0.125	1.000	0.875	0.500	0.625	0.875	1.000	0	0.875	0.375	1.000	1.000	1.000	0.750	1.000	1.000	1.000	1.000	1.000	0.625	1.000	0.500	1.000	1.000	1.000	-3.750	1.000	0.500	1.000	1.000	1.000	1.000	0.000	0.875	1.000	1.000	0.500	-0.750	1.000	0.000	0.750	0.375	1.000	0.750	-0.125
0.979	0.859	0.947	0.846	0.600	0.924	0.842	0.955	0.913	0.932	0.921	0.964	0.952	0.954	0.969	0.959	0.769	0.875	0	0.886	0.905	0.909	0.840	0.959	0.964	0.875	0.956	0.862	0.958	0.926	0.918	0.914	0.955	0.941	0.941	0.768	0.917	0.955	0.909	0.962	0.923	0.952	0.932	0.979	0.875	0.833	0.966	0.854	0.964	0.750	0.889	0.960	0.970	0.914	0.910
0.929	0.271	0.737	0.795	-0.200	0.788	0.868	0.814	0.783	0.900	0.786	0.821	0.871	0.871	0.871	0.857	0.615	0.375	0.886	0	0.762	0.545	0.760	0.886	0.821	0.375	0.929	0.828	0.896	0.882	0.929	0.741	0.773	0.706	0.706	0.171	0.583	0.800	0.545	0.885	0.615	0.762	0.814	0.914	0.375	0.000	0.357	0.600	0.821	0.750	0.822	0.800	0.924	0.886	0.714
1.000	0.048	1.000	0.905	0.800	0.810	1.000	0.810	1.000	0.857	0.524	1.000	0.952	0.810	0.857	0.952	1.000	1.000	0.905	0.762	0	1.000	1.000	0.857	1.000	1.000	0.905	1.000	1.000	0.857	1.000	0.762	1.000	1.000	1.000	-0.810	1.000	0.762	1.000	0.000	1.000	1.000	0.619	0.952	1.000	1.000	0.714	0.286	1.000	1.000	0.905	0.714	0.952	0.905	0.524
0.000	-0.727	1.000	0.818	0.800	0.636	1.000	0.636	1.000	0.818	0.182	1.000	0.909	0.636	0.636	0.909	1.000	1.000	0.909	0.545	1.000	0	1.000	0.818	1.000	1.000	1.000	0.909	1.000	0.727	1.000	0.636	1.000	1.000	1.000	-2.455	1.000	0.636	1.000	1.000	1.000	1.000	0.273	0.818	1.000	1.000	0.636	-0.273	1.000	1.000	0.818	0.545	1.000	0.818	0.182
0.920	0.200	1.000	0.920	0.800	0.840	1.000	0.840	1.000	0.880	0.400	1.000	0.960	0.800	0.800	0.960	1.000	1.000	0.840	0.760	1.000	1.000	0	0.680	1.000	1.000	1.000	0.480	1.000	0.880	1.000	0.840	1.000	1.000	1.000	-0.520	1.000	0.840	1.000	1.000	1.000	1.000	0.600	0.960	1.000	1.000	0.840	0.440	1.000	1.000	0.920	0.800	1.000	0.880	0.640
0.809	0.836	0.895	0.667	0.400	0.909	0.842	0.945	0.913	0.582	-0.062	0.571	0.973	0.926	0.849	0.959	0.769	0.750	0.959	0.886	0.857	0.818	0.680	0	0.893	0.750	0.956	0.897	0.958	0.912	0.969	0.897	0.909	0.882	0.882	0.692	0.417	0.947	-0.091	0.923	0.615	0.905	0.911	0.958	0.250	0.500	0.952	0.845	0.750	0.850	0.889	0.938	0.955	0.695	0.897
1.000	0.286	1.000	0.893	0.800	0.857	0.893	0.821	1.000	0.679	-0.071	1.000	0.964	0.107	0.893	0.964	1.000	1.000	0.964	0.821	1.000	1.000	1.000	0.893	0	1.000	1.000	1.000	1.000	0.893	0.964	0.857	1.000	0.588	1.000	-0.357	1.000	0.821	1.000	1.000	0.231	1.000	0.536	0.964	1.000	1.000	0.857	0.500	1.000	1.000	0.893	0.821	0.964	0.500	0.464
1.000	-1.375	1.000	0.750	0.800	0.500	1.000	0.500	1.000	0.500	-0.125	1.000	0.875	0.500	0.625	0.875	1.000	1.000	0.875	0.375	1.000	1.000	1.000	0.750	1.000	0	1.000	1.000	1.000	0.625	1.000	0.500	1.000	1.000	1.000	-3.750	1.000	0.500	1.000	0.000	1.000	1.000	0.000	0.875	1.000	1.000	0.500	-0.750	1.000	1.000	0.750	0.375	1.000	0.750	-0.125
1.000	0.823	1.000	0.949	0.800	0.939	1.000	0.947	1.000	0.956	0.894	1.000	0.310	0.963	0.973	0.973	1.000	1.000	0.956	0.929	0.905	1.000	1.000	0.956	1.000	1.000	0	1.000	1.000	0.912	0.980	0.931	0.864	1.000	1.000	0.655	1.000	0.956	1.000	0.942	1.000	0.952	0.903	0.947	1.000	0.833	0.956	0.864	1.000	1.000	0.933	0.938	0.985	0.981	0.239
0.897	0.345	1.000	0.931	0.800	0.862	1.000	0.862	1.000	0.897	0.621	1.000	0.966	0.828	0.897	0.966	1.000	1.000	0.862	0.828	1.000	0.909	0.480	0.897	1.000	1.000	1.000	0	0.966	0.897	1.000	0.862	1.000	1.000	1.000	-0.310	1.000	0.862	1.000	1.000	1.000	1.000	0.724	0.828	1.000	1.000	0.862	0.517	1.000	1.000	0.931	0.828	1.000	0.897	0.690
1.000	0.021	0.632	0.923	0.800	0.917	1.000	0.896	0.913	0.875	-0.188	1.000	0.938	0.896	0.938	0.958	1.000	1.000	0.958	0.896	1.000	1.000	1.000	0.958	1.000	1.000	1.000	0.966	0	0.938	0.979	0.917	1.000	0.882	1.000	0.208	1.000	0.917	1.000	0.854	1.000	1.000	0.792	0.938	1.000	1.000	0.917	0.708	1.000	0.850	0.956	0.812	1.000	0.938	0.792
0.941	0.662	0.842	0.872	0.000	0.894	0.921	0.882	0.870	0.897	0.794	0.893	0.912	0.882	0.897	0.941	0.769	0.625	0.926	0.882	0.857	0.727	0.880	0.912	0.893	0.625	0.912	0.897	0.938	0	0.941	0.879	0.864	0.824	0.824	0.382	0.750	0.897	0.727	0.942	0.769	0.857	0.235	0.868	0.625	0.500	0.897	0.750	0.893	0.850	0.889	0.868	0.955	0.926	0.676
0.840	0.796	1.000	0.949	0.800	0.909	1.000	0.918	0.957	0.969	0.878	0.964	0.959	0.949	0.959	0.973	1.000	1.000	0.918	0.929	1.000	1.000	1.000	0.969	0.964	1.000	0.980	1.000	0.979	0.941	0	0.931	1.000	1.000	0.941	0.612	0.917	0.929	1.000	1.000	0.923	1.000	0.908	0.990	1.000	1.000	0.959	0.857	0.964	1.000	0.956	0.908	0.985	0.980	0.847
0.931	0.466	0.789	0.846	0.000	0.828	0.895	0.776	0.826	0.810	0.776	0.857	0.879	0.862	0.879	0.879	0.692	0.500	0.914	0.741	0.762	0.636	0.840	0.897	0.857	0.500	0.931	0.862	0.917	0.879	0.931	0	0.818	0.765	0.765	0.052	0.667	0.828	0.636	0.904	0.692	0.810	0.690	0.914	0.500	0.333	0.810	0.069	0.857	0.800	0.867	0.845	0.931	0.897	0.724
1.000	0.091	1.000	0.909	0.800	0.818	1.000	0.818	1.000	-0.091	0.545	1.000	0.955	0.773	0.864	0.909	1.000	1.000	0.955	0.773	1.000	1.000	1.000	0.909	1.000	1.000	0.864	1.000	1.000	0.864	1.000	0.818	0	1.000	1.000	-0.727	1.000	0.227	1.000	1.000	1.000	1.000	0.636	0.909	1.000	1.000	0.818	0.364	1.000	1.000	0.909	0.773	0.409	0.909	0.000
0.824	-0.118	1.000	0.882	0.800	0.765	1.000	0.765	1.000	0.647	0.000	1.000	0.941	0.412	0.765	0.941	1.000	1.000	0.941	0.706	1.000	1.000	1.000	0.882	0.588	1.000	1.000	1.000	0.882	0.824	1.000	0.765	1.000	0	1.000	-1.235	1.000	0.765	1.000	1.000	1.000	1.000	0.353	0.941	1.000	1.000	0.765	0.176	0.824	1.000	0.882	0.706	1.000	0.294	0.235
0.824	-0.118	1.000	0.882	0.800	0.765	1.000	0.765	1.000	0.765	0.471	0.000	0.941	0.765	0.824	0.824	1.000	1.000	0.941	0.706	1.000	1.000	1.000	0.882	1.000	1.000	1.000	1.000	1.000	0.824	0.941	0.765	1.000	1.000	0	-1.235	1.000	0.765	1.000	1.000	1.000	1.000	0.529	0.941	1.000	1.000	0.765	0.176	1.000	1.000	0.882	0.647	1.000	0.882	0.471
0.585	0.635	-1.000	-0.077	-7.400	0.061	-0.026	0.739	-0.652	0.788	0.805	-0.357	0.575	0.546	0.739	0.432	-1.923	-3.750	0.768	0.171	-0.810	-2.455	-0.520	0.692	-0.357	-3.750	0.655	-0.310	0.208	0.382	0.612	0.052	-0.727	-1.235	-1.235	0	-2.167	0.515	-2.455	0.269	-1.923	-0.905	0.750	0.718	-3.750	-5.333	0.688	0.330	-0.357	-0.900	0.111	0.700	0.394	0.562	0.783
0.833	-0.583	1.000	0.833	0.800	0.667	1.000	0.583	1.000	0.583	-0.167	1.000	0.917	0.667	0.750	0.917	1.000	1.000	0.917	0.583	1.000	1.000	1.000	0.417	1.000	1.000	1.000	1.000	1.000	0.750	0.917	0.667	1.000	1.000	1.000	-2.167	0	0.667	1.000	1.000	1.000	1.000	0.333	0.917	1.000	1.000	0.667	-0.167	0.833	1.000	0.833	0.583	1.000	0.833	0.250
0.957	0.758	0.789	0.846	0.000	-0.061	0.895	0.909	0.826	0.833	0.864	0.857	0.803	0.889	0.932	0.892	0.692	0.500	0.955	0.800	0.762	0.636	0.840	0.947	0.821	0.500	0.956	0.862	0.917	0.897	0.929	0.828	0.227	0.765	0.765	0.515	0.667	0	0.636	0.904	0.615	0.762	0.879	0.962	0.500	0.333	0.886	0.767	0.857	0.800	0.800	0.894	-0.061	0.943	-0.068
0.000	-0.727	1.000	0.818	0.800	0.636	1.000	0.636	1.000	0.818	-0.727	0.000	0.909	0.636	-0.182	0.909	1.000	1.000	0.909	0.545	1.000	1.000	1.000	-0.091	1.000	1.000	1.000	1.000	1.000	0.727	1.000	0.636	1.000	1.000	1.000	-2.455	1.000	0.636	0	1.000	1.000	1.000	0.273	0.909	1.000	1.000	0.636	-0.273	1.000	1.000	0.818	0.545	1.000	0.818	0.182
1.000	0.615	0.000	0.923	0.800	0.923	1.000	0.923	0.913	0.904	0.654	1.000	0.923	0.923	0.942	0.981	1.000	1.000	0.962	0.885	0.000	1.000	1.000	0.923	1.000	0.000	0.942	1.000	0.854	0.942	1.000	0.904	1.000	1.000	1.000	0.269	1.000	0.904	1.000	0	1.000	1.000	0.846	0.981	1.000	0.000	0.885	0.712	1.000	0.950	0.956	0.750	0.981	0.923	0.788
1.000	-0.462	1.000	0.846	0.800	0.692	1.000	0.692	1.000	0.615	-0.692	1.000	0.923	-0.077	0.769	0.923	1.000	1.000	0.923	0.615	1.000	1.000	1.000	0.615	0.231	1.000	1.000	1.000	1.000	0.769	0.923	0.692	1.000	1.000	1.000	-1.923	1.000	0.615	1.000	1.000	0	1.000	0.308	0.923	1.000	1.000	0.692	-0.077	1.000	1.000	0.846	0.615	0.923	0.846	0.154
0.952	0.048	1.000	0.905	0.800	0.810	1.000	0.762	1.000	0.762	0.524	1.000	0.952	0.762	0.857	0.952	1.000	1.000	0.952	0.762	1.000	1.000	1.000	0.905	1.000	1.000	0.952	1.000	1.000	0.857	1.000	0.810	1.000	1.000	1.000	-0.905	1.000	0.762	1.000	1.000	1.000	0	0.524	0.857	1.000	1.000	0.714	0.333	1.000	1.000	0.857	0.667	0.952	0.905	0.524
0.894	0.812	0.579	0.615	-1.000	0.788	0.737	0.926	0.652	0.924	0.764	0.714	0.911	0.620	0.919	0.622	0.385	0.000	0.932	0.814	0.619	0.273	0.600	0.911	0.536	0.000	0.903	0.724	0.792	0.235	0.908	0.690	0.636	0.353	0.529	0.750	0.333	0.879	0.273	0.846	0.308	0.524	0	0.852	0.000	-0.333	0.930	0.689	0.714	0.500	0.756	0.907	0.848	0.781	0.337
0.936	0.852	0.947	0.923	0.600	0.924	0.947	0.965	0.957	0.944	0.880	0.964	0.965	0.935	0.965	0.973	0.846	0.875	0.979	0.914	0.952	0.818	0.960	0.958	0.964	0.875	0.947	0.828	0.938	0.868	0.990	0.914	0.909	0.941	0.941	0.718	0.917	0.962	0.909	0.981	0.923	0.857	0.852	0	0.875	0.833	0.965	0.854	0.929	0.900	0.911	0.958	0.985	0.924	0.845
0.000	-1.375	1.000	0.750	0.800	0.500	1.000	0.500	1.000	0.750	-0.625	1.000	0.875	0.500	0.625	0.875	1.000	1.000	0.875	0.375	1.000	1.000	1.000	0.250	1.000	1.000	1.000	1.000	1.000	0.625	1.000	0.500	1.000	1.000	1.000	-3.750	1.000	0.500	1.000	1.000	1.000	1.000	0.000	0.875	0	1.000	0.500	-0.750	0.250	1.000	0.750	0.375	1.000	0.750	-0.125
1.000	-2.167	0.667	0.667	0.800	0.333	1.000	0.333	1.000	0.667	-0.667	1.000	0.667	0.333	0.500	0.833	1.000	1.000	0.833	0.000	1.000	1.000	1.000	0.500	1.000	1.000	0.833	1.000	1.000	0.500	1.000	0.333	1.000	1.000	1.000	-5.333	1.000	0.333	1.000	0.000	1.000	1.000	-0.333	0.833	1.000	0	0.333	-1.333	1.000	1.000	0.667	0.167	1.000	0.500	-0.667
0.957	0.677	0.789	0.821	0.000	0.803	0.895	0.812	0.826	0.952	0.914	0.857	0.932	0.907	0.950	0.851	0.692	0.500	0.966	0.357	0.714	0.636	0.840	0.952	0.857	0.500	0.956	0.862	0.917	0.897	0.959	0.810	0.818	0.765	0.765	0.688	0.667	0.886	0.636	0.885	0.692	0.714	0.930	0.965	0.500	0.333	0	0.806	0.857	0.800	0.867	0.933	0.909	0.933	0.871
0.840	0.505	0.263	0.564	-2.000	0.636	0.632	0.709	0.391	0.845	0.767	0.500	0.806	0.816	0.825	0.784	-0.077	-0.750	0.854	0.600	0.286	-0.273	0.440	0.845	0.500	-0.750	0.864	0.517	0.708	0.750	0.857	0.069	0.364	0.176	0.176	0.330	-0.167	0.767	-0.273	0.712	-0.077	0.333	0.689	0.854	-0.750	-1.333	0.806	0	0.500	0.300	0.600	0.777	0.788	0.835	0.709
0.000	0.321	1.000	0.929	0.800	0.857	1.000	0.821	1.000	0.893	0.500	1.000	0.964	0.857	0.857	0.964	1.000	1.000	0.964	0.821	1.000	1.000	1.000	0.750	1.000	1.000	1.000	1.000	1.000	0.893	0.964	0.857	1.000	0.824	1.000	-0.357	0.833	0.857	1.000	1.000	1.000	1.000	0.714	0.929	0.250	1.000	0.857	0.500	0	0.950	0.929	0.786	1.000	0.857	0.679
0.950	0.050	0.947	0.850	0.800	0.800	1.000	0.750	1.000	0.500	0.350	1.000	0.950	0.800	0.850	0.950	1.000	0.000	0.750	0.750	1.000	1.000	1.000	0.850	1.000	1.000	1.000	1.000	0.850	0.850	1.000	0.800	1.000	1.000	1.000	-0.900	1.000	0.800	1.000	0.950	1.000	1.000	0.500	0.900	1.000	1.000	0.800	0.300	0.950	0	0.900	0.750	1.000	0.800	0.500
0.956	-0.422	0.895	0.872	0.400	0.867	0.895	0.800	0.870	0.889	0.733	0.929	0.867	0.867	0.889	0.933	-0.154	0.750	0.889	0.822	0.905	0.818	0.920	0.889	0.893	0.750	0.933	0.931	0.956	0.889	0.956	0.867	0.909	0.882	0.882	0.111	0.833	0.800	0.818	0.956	0.846	0.857	0.756	0.911	0.750	0.667	0.867	0.600	0.929	0.900	0	0.822	0.889	0.844	0.444
0.936	0.833	0.368	0.795	-0.200	0.818	0.868	0.940	0.783	0.927	0.860	0.786	0.952	0.907	0.947	0.905	0.615	0.375	0.960	0.800	0.714	0.545	0.800	0.938	0.821	0.375	0.938	0.828	0.812	0.868	0.908	0.845	0.773	0.706	0.647	0.700	0.583	0.894	0.545	0.750	0.615	0.667	0.907	0.958	0.375	0.167	0.933	0.777	0.786	0.750	0.822	0	0.894	0.924	0.840
1.000	0.636	1.000	0.949	0.800	0.939	1.000	0.939	1.000	0.727	0.788	1.000	0.970	0.879	0.939	0.955	1.000	1.000	0.970	0.924	0.952	1.000	1.000	0.955	0.964	1.000	0.985	1.000	1.000	0.955	0.985	0.931	0.409	1.000	1.000	0.394	1.000	-0.061	1.000	0.981	0.923	0.952	0.848	0.985	1.000	1.000	0.909	0.788	1.000	1.000	0.889	0.894	0	0.970	-0.136
0.957	0.752	0.842	-0.051	0.400	0.909	0.158	0.924	0.783	0.705	0.524	0.929	0.943	0.838	0.952	0.959	0.692	0.750	0.914	0.886	0.905	0.818	0.880	0.695	0.500	0.750	0.981	0.897	0.938	0.926	0.980	0.897	0.909	0.294	0.882	0.562	0.833	0.943	0.818	0.923	0.846	0.905	0.781	0.924	0.750	0.500	0.933	0.835	0.857	0.800	0.844	0.924	0.970	0	0.800
0.894	0.802	0.526	0.590	-1.200	-0.136	0.684	0.887	0.565	0.859	0.809	0.679	0.116	0.537	0.894	0.514	0.308	-0.125	0.910	0.714	0.524	0.182	0.640	0.897	0.464	-0.125	0.239	0.690	0.792	0.676	0.847	0.724	0.000	0.235	0.471	0.783	0.250	-0.068	0.182	0.788	0.154	0.524	0.337	0.845	-0.125	-0.667	0.871	0.709	0.679	0.500	0.444	0.840	-0.136	0.800	0
